21484051 13.624439 52.299451 town
21484075 13.621921 52.373076 village
21484077 13.799608 52.255856 village
26433240 14.561437 52.350949 town
27216981 13.360106 51.427429 village
27217252 13.370566 51.442948 village
27217549 13.389961 51.469143 village
27217772 13.392621 51.515882 town
27271545 13.833678 52.033830 village
27271555 13.891479 52.029276 village
27271561 13.958323 52.059514 village
27327826 13.258899 51.458385 village
27328159 13.228390 51.500438 village
27328589 13.281296 51.380011 village
27328904 13.266369 51.421381 village
27340532 13.188830 51.646657 village
27360820 13.281588 51.542600 village
27360908 13.350519 51.511951 village
27361252 13.297587 51.530539 village
27605910 12.337351 52.667140 village
27605915 12.387827 52.658864 village
27793299 12.456370 52.630310 village
28123273 12.283103 52.605631 village
28189571 12.338418 52.531049 town
28189617 12.432507 52.582742 village
28189638 12.509527 52.558048 village
28189649 12.534355 52.514348 village
28398979 12.445964 52.655669 village
28399013 12.327923 52.558711 village
28416970 12.232446 52.591885 village
28416974 12.263673 52.595483 village
29018503 13.264453 52.401646 town
29121885 12.333300 52.600000 town
29364057 13.682745 52.846200 village
29364058 13.724985 52.842150 village
29364059 13.743327 52.837502 village
29369088 13.748812 52.866346 village
29534166 13.307754 52.354089 village
29534180 13.329440 52.361717 village
29534547 13.355843 52.340139 village
29562985 13.504828 52.388552 village
29581182 13.474735 52.371261 village
29634251 13.410256 52.357886 village
29634497 13.418888 52.291429 village
29648450 13.483420 52.307813 village
29648475 13.464070 52.324753 village
29736467 13.806559 52.911672 village
29750524 13.738103 52.956148 village
29750563 13.759235 52.977515 village
29750790 13.806921 52.962182 village
29752666 13.582541 52.812555 village
29754234 13.589078 52.703927 village
29860070 13.734076 52.633480 town
29860124 13.892107 52.703943 village
29873175 13.925164 52.708408 village
29873515 14.091483 52.834032 village
29874540 14.120217 52.844473 village
29874943 13.924023 52.811530 village
29874973 13.891175 52.817976 village
29907328 13.364906 52.141039 village
29910598 13.212368 52.284234 village
29910599 13.238527 52.253101 village
30078326 13.527697 52.851583 village
30084060 13.394358 52.872648 town
30084852 13.296105 52.901051 village
30085048 13.154412 52.896931 village
30085117 13.047821 52.901170 village
30085987 12.901200 52.923779 village
30086282 12.849906 52.946147 village
30086462 12.809573 52.924314 town
30086851 12.726192 52.902964 village
30086876 12.641642 52.887086 village
30086899 12.629371 52.878126 village
30086942 12.570442 52.875239 village
30086955 12.488623 52.865782 village
30087318 12.525024 52.832863 village
30087344 12.578264 52.739526 town
30089720 12.396690 52.943065 town
30091010 12.350003 52.963416 village
30091020 12.292101 52.972768 village
30091039 12.252400 52.979281 village
30109731 12.057429 52.996966 village
30109742 12.027195 53.012976 village
30109904 11.898613 53.063239 village
30109925 11.862793 53.076272 town
30111082 11.788660 53.129762 village
30111114 11.745139 53.160446 town
30113537 11.788660 53.129765 village
30113548 11.783144 53.134766 village
30113611 11.598172 53.249491 village
30149375 11.508223 53.032535 village
30180551 12.574176 52.479362 village
30189479 12.454562 52.474214 village
30189820 12.426578 52.440320 village
30226616 11.730277 52.955179 village
30294347 14.004608 53.018601 town
30346788 14.296110 53.097848 village
30347172 14.433521 53.250978 village
30348309 14.347689 53.272546 village
30348310 14.353033 53.301502 village
30348312 14.251675 53.245323 village
30348326 14.208598 53.211005 village
30741176 13.177587 52.688219 town
30822887 13.375648 52.635756 village
31166813 14.044133 51.857225 village
31585239 14.370500 53.080910 village
31588253 14.315796 53.031473 village
31607495 14.712230 52.245229 village
31609144 14.592717 52.302428 village
31619022 14.550192 52.404329 village
31620155 14.651667 52.265559 village
31620910 14.762418 52.059915 village
31621622 14.702188 52.130740 village
31802728 14.726550 51.951405 town
31805163 14.678937 51.896569 village
32029545 13.509532 52.309390 village
32033124 13.104511 52.466598 village
32606046 13.871936 52.902800 village
32606047 13.860052 52.934242 village
32606068 13.961735 52.912609 village
32630359 13.992773 52.909142 village
32630486 14.035209 52.931644 village
32675771 13.245759 52.752938 town
33148370 13.096104 52.565178 town
33430067 12.548338 52.367712 village
33555787 13.194735 52.646230 town
33627283 14.219500 51.982916 village
33628068 14.183646 52.010845 village
33959560 13.790169 52.659746 village
33987691 12.470167 52.481972 village
33988790 12.451819 52.499067 village
33988791 12.418041 52.408974 village
33995219 12.600480 52.492921 village
33995479 12.643593 52.512770 village
34042066 12.586851 52.140636 town
34097253 12.441912 52.325143 village
34227791 12.366543 52.408898 village
34231942 12.384124 52.372621 village
34232501 12.355837 52.321508 village
34232874 12.389912 52.323640 village
36424378 13.158226 52.089076 town
36425263 11.880865 53.121764 village
36425265 11.881801 53.180503 village
36425273 12.175115 53.293877 village
36425274 12.040790 53.250497 town
36557141 11.260928 53.138488 town
36562083 11.746135 53.173676 village
39294462 13.628195 52.722695 village
39296946 13.658098 52.698512 village
40143760 12.173459 53.151031 town
40422054 13.664395 52.735452 village
41240258 13.610291 52.633033 village
41240516 13.591802 52.650339 village
41240766 13.617199 52.602392 village
42181278 13.718961 52.709354 village
42181286 13.739121 52.682461 village
46992393 12.854690 52.518784 village
47014191 12.927610 52.588794 village
48068806 13.654281 52.743681 village
50044918 13.261016 52.301610 town
50333793 13.676539 52.631075 village
50333866 13.724554 52.561487 town
51503181 13.723948 52.653055 village
51890041 14.353447 53.332032 village
51922160 14.332864 53.229540 village
51974530 14.112494 53.141386 village
52225410 13.352133 52.272910 village
52363548 14.068781 53.122884 village
52364860 14.072578 53.105863 village
52368344 14.034513 53.053610 village
52569287 13.018043 52.728271 village
52569674 12.990121 52.729901 village
52611311 13.029482 52.760494 town
52686589 13.307205 52.270289 village
52701369 12.954836 52.731708 village
52740836 12.932899 52.712096 village
53298519 13.758862 52.734006 village
53298524 13.791985 52.728723 village
53298576 13.836700 52.739394 village
56268837 13.709054 52.739343 village
56268841 13.787507 52.754818 village
56279993 13.203551 52.313975 village
56280597 13.314706 52.230501 village
59143941 13.629506 52.350980 village
59644790 13.499336 53.119800 town
59645095 13.560296 53.170822 village
59645234 13.559528 53.202760 village
59645980 13.639688 53.109300 village
59645995 13.603994 53.049436 village
59650062 13.592720 52.727969 village
59994545 12.992059 52.587320 village
59994994 12.958518 52.571022 village
60064306 13.169735 52.286014 village
60064307 13.174825 52.273101 village
60122712 13.214028 52.215036 town
60141737 13.588484 52.300715 village
60461095 13.624416 53.222290 village
60600139 13.436648 52.321590 village
60668142 13.624431 53.161863 village
64684784 13.706027 51.632641 town
64714658 13.565784 51.622362 town
64714875 13.738260 51.639993 village
64869699 13.938179 51.378104 village
66319917 13.759439 51.614704 village
66320748 13.768365 51.627493 village
66324801 13.703215 51.586257 village
68103962 13.562034 52.244962 village
76566916 13.472356 51.541551 village
76598278 12.882542 52.426790 village
81148272 13.011816 52.467970 village
89036318 12.881421 52.759003 village
89036514 12.889138 52.846361 village
89036599 12.910008 52.882652 village
89036680 12.874691 52.886739 village
89044456 12.839596 52.907792 village
89053121 12.891012 53.098318 town
89988920 13.540728 52.650900 village
90122084 13.625612 51.860708 village
90122237 13.609883 51.893432 village
90122272 13.597034 51.919813 village
90122362 13.588425 51.959075 village
90122372 13.595418 51.937421 village
90122377 13.577301 51.914826 village
90122529 13.464511 51.898315 village
90137422 13.463220 51.864141 village
90137427 13.493614 51.852308 village
90137433 13.530853 51.848579 village
90142271 13.625630 51.977198 village
90160398 13.519220 51.911279 village
90160400 13.457701 51.885475 village
90256219 13.906026 51.392158 village
90418156 13.469916 52.681381 village
91032619 13.700311 52.107297 village
91067933 13.609842 52.135986 town
91351671 12.047890 53.286762 village
91397668 13.585098 52.136954 village
92144182 13.495629 52.244684 village
92149644 13.700380 52.369340 village
92404490 12.656391 53.249749 village
92533460 12.736011 53.209480 village
92533461 12.767745 53.158872 village
92554400 12.772428 53.119981 village
93554994 12.587991 52.911856 village
93677064 12.223906 52.886529 village
94714458 13.658816 52.164742 village
95545386 13.713167 52.394192 village
98042865 13.529086 52.756881 village
98587537 13.745836 52.387323 village
99085542 13.178193 51.797786 village
99684013 13.894576 52.253016 village
99685608 13.951051 52.329765 village
100363583 13.082070 51.996976 town
104428708 13.549574 52.692598 village
104468952 13.563678 52.760450 village
105620949 13.451335 52.753678 village
107328481 13.316734 52.294776 village
107328494 13.315102 52.315245 village
107328503 13.385316 52.298505 village
108051241 13.519654 51.462062 town
109043693 13.888268 52.388939 village
112202225 13.438919 53.302910 village
112268900 13.316480 53.208328 town
112272722 13.158869 53.007278 town
112489663 13.605759 53.263340 village
112490823 13.552238 53.260562 village
117109525 13.865625 51.459065 town
117110648 13.847287 51.479676 town
117115700 13.444536 51.513891 village
117116780 13.542853 51.563608 village
117656153 13.165865 51.783750 village
119364611 13.029569 52.314140 village
121903949 14.366774 51.865880 village
123704442 13.480289 51.560790 village
123705741 13.519233 51.568324 village
123732225 13.170971 51.740169 village
123732230 13.226902 51.813763 town
123732321 13.205384 51.754767 village
125515411 13.647185 51.694207 town
128457390 13.793685 51.384559 village
128713001 12.863117 51.970213 village
129945153 13.757697 51.376128 town
129945355 13.853459 51.400716 village
129945747 14.005631 51.432082 village
129946690 13.982035 51.465032 village
129946725 14.026840 51.454175 village
130043088 13.860981 51.429183 village
130046529 13.942916 51.474714 village
130048106 13.983216 51.494491 village
130772552 13.551852 51.898469 village
133171315 12.861848 51.990809 village
134234331 13.951226 51.528339 village
134702026 14.344900 52.360661 village
134709335 14.395760 52.396730 village
134718856 14.353504 52.339155 village
137775811 13.263238 51.760685 village
137779173 13.273972 51.784277 village
137784305 13.216318 51.776421 village
143834357 13.487162 52.768545 village
143834363 13.480197 52.796594 village
143937012 13.549531 52.792903 village
144058159 13.380778 51.862343 village
144059556 13.437054 51.854075 village
144061647 13.376769 51.884854 village
144062841 13.349507 51.881528 village
144065958 13.303791 51.889710 village
144068903 13.267281 51.848773 village
144071229 13.285477 51.905470 village
144072335 13.242752 51.881824 village
144073067 13.257324 51.905152 village
144074582 13.222305 51.906529 village
144076822 13.190891 51.913201 village
144077591 13.193412 51.931682 village
144079116 13.228049 51.936516 village
144085104 13.208744 51.933739 village
144088018 13.140354 51.904627 village
144088634 13.148416 51.915475 village
144089571 13.139248 51.927626 village
144090611 13.122055 51.930246 village
144093124 13.140533 51.955430 village
144095309 13.172456 51.974280 village
144097915 13.173485 51.986737 village
144100592 13.234150 51.953950 village
144101318 13.247883 51.960826 village
144104452 13.336975 51.926329 village
144108220 13.364098 51.952363 village
144109013 13.396713 51.946755 village
144110186 13.410790 51.899327 village
144112123 13.441860 51.940512 village
144113321 13.473274 51.950141 village
144114506 13.498509 51.935750 village
144118090 13.644687 51.892855 village
144119434 13.641574 51.923558 village
144120931 13.699181 51.934162 village
144121234 13.702529 51.923004 village
144122311 13.677621 51.899433 village
144123185 13.711524 51.901786 village
144125717 13.724383 51.871564 village
144127021 13.698317 51.872097 village
144128016 13.694889 51.878667 village
144128785 13.713600 51.880788 village
144132047 13.642361 51.835728 village
144139425 13.628285 51.776607 village
144141468 13.616097 51.755679 village
144142382 13.692937 51.750283 village
144144027 13.694728 51.772940 village
144145600 13.701689 51.768006 village
144149918 13.738515 51.791164 village
144152633 13.744396 51.831489 village
144153392 13.760446 51.825819 village
144157104 13.820889 51.808141 village
144160188 13.877194 51.772783 village
144162223 13.858826 51.760673 village
144163086 13.851444 51.738461 village
144164234 13.831360 51.734634 village
144164944 13.832745 51.748916 village
144166055 13.804869 51.760498 village
144170205 13.761865 51.738056 village
144170947 13.724243 51.738142 village
144175183 13.642704 51.950141 village
144177270 13.745873 51.963999 village
144177685 13.722784 51.951952 village
144178314 13.743329 51.939124 village
144178870 13.782608 51.935856 village
144180276 13.670685 51.959134 village
144182582 13.560307 51.970662 village
144183075 13.542454 51.957970 village
148867083 13.732366 52.256475 village
148867085 13.743182 52.285156 village
148868744 13.766495 52.223639 village
148868766 13.766230 52.243129 village
149008746 13.419569 51.544967 village
149008986 13.452452 51.540254 village
150602940 13.372058 52.688491 village
150602941 13.375614 52.676912 village
151014935 13.571900 52.577077 village
152595717 13.592054 51.554435 village
152698672 13.714856 51.401517 village
153294686 12.954995 52.432520 village
154970016 13.411649 51.536294 village
154971473 13.415151 51.559972 village
158696830 13.669915 51.567930 village
158698004 13.628030 51.533986 village
158786188 13.374189 51.683614 village
158811945 13.360757 51.617727 village
158812295 13.389588 51.605213 village
158812651 13.430963 51.596087 village
160177549 13.543021 51.592505 village
161734884 13.121006 51.641598 village
162650127 13.592154 51.658639 village
162654740 13.630606 51.667583 village
165733010 13.822646 52.426230 village
168939978 12.981647 51.957375 village
168940403 12.786496 51.971359 village
168940614 12.746206 51.962771 village
168941301 12.831326 51.978796 village
173311966 12.947601 52.389059 village
173328538 12.973514 52.363698 village
173335338 12.966905 52.457757 village
173373606 12.280279 52.465037 village
175274481 13.789257 51.359211 village
176635890 13.882119 52.580808 town
182400636 13.159889 51.844395 village
185496455 14.068211 51.505668 village
192081578 14.142898 52.017379 village
195220575 14.064411 51.996859 village
195220585 14.037452 52.039192 village
207409961 14.512815 52.404714 village
220547241 13.334896 52.979484 town
220604557 13.574899 52.627179 village
220606989 12.986493 52.974545 town
226935349 12.942175 52.048616 village
226935574 12.944894 52.077663 village
240023240 11.438949 53.071682 village
240023405 14.383390 52.561778 village
240023553 13.141971 52.332802 village
240023857 13.667131 52.010273 village
240023888 14.196258 52.384525 village
240023892 12.440522 52.855052 town
240024000 14.302188 52.103651 village
240024084 13.637425 52.547415 village
240024169 14.160569 52.262276 village
240024339 14.326141 52.131753 village
240024471 13.846076 52.507733 village
240024686 13.114711 52.703373 town
240025071 13.105923 52.347271 village
240025313 12.450000 52.647800 village
240026060 12.530078 53.122879 village
240026114 14.167810 51.932966 village
240026133 12.422501 53.244886 village
240026224 12.339657 53.080760 village
240026643 12.130114 53.096628 village
240026676 13.442057 53.047433 village
240026945 14.588928 51.582847 village
240026996 12.217380 53.151495 village
240027154 13.384192 51.720740 town
240027791 12.366659 53.318762 village
240027864 12.435607 53.063824 village
240028253 14.107583 52.392331 village
240028431 13.973749 53.079619 village
240028521 13.906770 52.239125 village
240028857 13.958394 52.980194 village
240028870 14.092727 52.303545 village
240028976 14.036170 52.050540 village
240029070 14.124213 52.108174 village
240029408 12.631150 53.177589 village
240029416 12.111743 52.976595 village
240029441 14.206976 53.194009 village
240029637 13.725453 52.076044 village
240029648 13.599030 52.841943 village
240029736 14.129950 51.943848 village
240029810 12.602539 52.612539 village
240029923 14.143069 53.009023 village
240030223 14.445745 51.817465 village
240030267 11.565743 53.036983 town
240030330 14.465099 52.190257 village
240030532 12.400762 53.075554 village
240030792 14.539000 52.470000 village
240030869 13.679461 51.803156 village
240031287 13.413633 51.700451 village
240031428 12.932913 52.371581 town
240031505 12.612500 52.491700 village
240031547 13.957904 51.776633 village
240031579 13.424228 51.456715 village
240031778 14.048565 53.385558 village
240031872 14.286054 52.076355 village
240032127 13.696872 51.818798 village
240032331 12.877260 52.606107 town
240032541 12.627456 52.177453 village
240032685 13.719958 51.707446 village
240032689 12.940601 52.469680 village
240033049 13.892542 51.543501 village
240033137 12.676700 52.116700 village
240033165 12.906718 52.662771 village
240033373 14.158400 52.674700 village
240033651 14.375013 52.377651 village
240033708 12.333300 52.416700 village
240033786 14.157847 52.791986 village
240033873 13.900830 53.025211 village
240033905 14.477028 52.506104 village
240033942 13.400000 52.333300 village
240033954 12.364200 52.915909 village
240034239 13.510750 52.223648 village
240034531 14.572800 52.562400 village
240034661 13.172900 52.895800 village
240034689 11.966700 53.050000 village
240034753 12.864038 52.227285 village
240034868 12.199948 52.753561 village
240035141 11.406400 53.069400 village
240035546 13.936930 51.451012 village
240035571 13.400000 52.733300 village
240035718 13.907184 53.111181 village
240035748 13.379264 52.662784 village
240035815 12.842750 53.186498 village
240035844 14.165196 52.401007 village
240036088 14.263297 52.387484 village
240036243 13.512555 51.689605 village
240036344 13.642328 51.667463 village
240036384 14.139924 53.077962 village
240036548 13.498569 51.410612 village
240036685 12.809357 52.453882 village
240037007 13.593158 52.279020 village
240037093 11.454084 53.058755 village
240037138 14.035235 51.651242 village
240037199 12.682795 52.625092 village
240037496 13.019610 52.939216 village
240037531 12.601741 52.278865 village
240037835 14.316869 52.429088 village
240037941 12.336540 53.203729 village
240037955 12.673899 52.937247 village
240038505 13.389037 51.647486 village
240038981 13.930424 52.736875 village
240039304 13.815300 52.769400 village
240039344 14.566513 51.567443 village
240039501 12.334856 52.225119 village
240039507 13.764378 51.977624 village
240039512 13.889999 52.770035 village
240039861 12.959481 52.819010 village
240040086 13.450385 51.824952 village
240040250 12.487203 53.162223 town
240040288 13.041700 53.105600 village
240040326 12.642645 52.711168 village
240040517 13.490411 51.707373 village
240040604 13.676709 51.384124 village
240040676 14.369138 52.038835 village
240040680 13.984393 53.414136 village
240040721 14.641700 51.566700 village
240040780 13.852859 52.481474 village
240040794 14.387292 52.480434 village
240040828 12.786069 53.224805 village
240040850 12.865359 52.848567 village
240040878 13.428852 51.661830 village
240040971 12.347116 52.890510 village
240041085 14.164055 52.450081 village
240041259 14.000000 52.950000 village
240041300 12.677198 52.844190 village
240041503 12.016700 53.150000 village
240041547 13.418081 51.719049 village
240041574 14.630000 51.643300 village
240041632 12.716700 52.366700 village
240041750 13.421504 51.796300 village
240041853 14.277044 53.184396 village
240041950 14.115025 52.205278 village
240042253 13.842397 52.364831 village
240042332 13.606492 51.636172 village
240042359 12.636036 52.589771 village
240042376 14.000000 51.683300 village
240042447 14.043612 52.864441 town
240042790 11.445308 53.041432 village
240043051 12.557726 52.564362 village
240043098 13.338124 51.867827 village
240043117 11.913445 53.163742 village
240043168 13.280920 52.673340 town
240043480 14.279626 52.486749 village
240043614 13.251334 52.997678 village
240043972 12.235967 52.276997 village
240044202 12.728646 52.772459 village
240044258 13.863022 52.272073 village
240044313 12.083300 52.916700 town
240044444 12.209533 52.527931 village
240044610 13.498150 51.906546 village
240044613 13.953713 52.773211 village
240044630 13.682082 51.689480 village
240044932 12.826448 52.402454 village
240044991 13.912885 53.409640 village
240045073 14.155085 53.179541 village
240045122 12.686872 52.252138 village
240045225 14.328641 52.510890 village
240045355 12.966132 52.675632 village
240045381 12.343825 52.488213 village
240045498 12.400000 52.745000 village
240045500 12.183300 53.116700 village
240045545 13.144566 53.186079 town
240045645 14.572865 52.043653 village
240045659 12.616700 53.200000 village
240045673 14.567853 52.064026 village
240045742 13.966703 53.098007 village
240045796 12.159349 53.252936 village
240045968 12.243855 53.030545 village
240046187 13.695875 52.478204 town
240047066 14.037687 53.188606 village
240047106 12.133300 53.000000 village
240047178 13.090204 53.017312 village
240047250 13.534514 51.402336 village
240047275 13.326287 52.770266 village
240047347 14.095037 51.455041 town
240047465 12.305553 53.164055 village
240047552 13.145083 52.212566 village
240047664 13.880304 52.341236 village
240047701 13.929305 52.960457 village
240047743 12.611100 52.666700 village
240048166 14.634169 52.036270 village
240048220 14.144731 52.873947 village
240048723 13.646277 51.609736 village
240048743 13.586006 52.679589 town
240048986 13.899745 51.519076 village
240048992 14.041180 53.081603 village
240049081 13.989686 52.235402 village
240049091 13.696914 52.068970 village
240049449 14.518054 52.040491 village
240049687 13.323292 52.859520 village
240049817 12.709905 52.389024 village
240049895 12.351287 52.198984 village
240049961 13.728465 51.431728 village
240050148 14.642510 52.106202 village
240050162 12.663691 52.642457 village
240050168 13.278381 53.051323 village
240050194 12.819787 53.074566 village
240050272 14.195054 52.200350 village
240050343 14.492855 52.574316 village
240050613 12.708300 52.929200 village
240050625 12.644400 53.005600 village
240050701 14.055076 52.077449 village
240050808 14.475000 51.666700 village
240050833 13.251462 53.048550 village
240051041 13.663643 53.184920 village
240051205 13.041310 53.004517 village
240051338 12.940411 52.546273 village
240051343 14.148991 52.352324 village
240051489 12.084158 53.012963 village
240051665 12.183983 53.076122 village
240051692 14.050000 52.933300 village
240051703 14.007150 52.212971 village
240052000 12.188168 53.045324 village
240052052 11.673607 52.983085 village
240052071 13.535250 52.678380 village
240052084 13.837104 52.201767 village
240052183 14.275114 52.271612 village
240052231 13.604351 53.196016 village
240052303 14.140234 51.943559 village
240052352 14.126884 52.303906 village
240052371 12.198537 53.244532 village
240052464 12.633153 52.728487 village
240052523 12.734507 52.581071 village
240052579 14.226158 52.666995 village
240052593 13.925600 52.502700 village
240052640 13.618923 51.389048 village
240052861 13.629806 52.766513 town
240052900 11.657903 53.032241 village
240053131 13.878714 52.753677 village
240053243 12.609189 53.111685 village
240053302 13.241056 53.138244 village
240053329 13.998170 52.265991 village
240053376 13.412804 52.226634 village
240053434 14.498489 51.861833 village
240053511 13.332918 52.633063 village
240053766 14.049212 52.463162 village
240053838 14.016248 52.159447 village
240054064 14.113972 52.423147 village
240054113 14.314100 52.515000 village
240054481 13.330283 51.694546 village
240054685 12.816700 53.133300 village
240054722 13.590386 52.568175 village
240054779 12.834278 52.254484 village
240054905 11.765584 52.966670 village
240054997 13.633405 51.711522 village
240055040 13.055253 52.333005 village
240055405 13.592478 51.610765 village
240055445 14.623729 52.206289 village
240055679 12.357730 52.465921 village
240055776 13.642113 53.472110 village
240055787 14.007379 53.210205 village
240055850 12.872044 52.578180 village
240055968 11.439225 53.114913 village
240056107 12.004389 53.097212 village
240056220 12.116700 53.200000 village
240056240 13.283134 52.688441 village
240056283 13.435750 52.712678 village
240056368 13.587854 51.483042 village
240056850 14.131369 52.138157 village
240056851 13.469872 51.477992 village
240056952 14.030422 51.777382 village
240057011 14.264118 52.105448 town
240057553 13.984612 52.028107 village
240057588 12.204422 52.943605 village
240057867 12.792627 52.382268 village
240057990 13.924013 51.830865 village
240058027 12.466700 52.492900 village
240058093 13.437645 52.967236 village
240058166 14.307205 52.091065 village
240058473 13.988959 52.637891 village
240058479 11.716700 53.266700 village
240058638 12.394955 52.494064 village
240058949 13.217247 51.434427 town
240059149 13.207712 52.386968 town
240059387 12.834477 53.204196 village
240059434 12.987943 52.476006 village
240059624 12.389942 52.475453 village
240059988 12.705361 52.800350 village
240060034 14.171200 52.657750 village
240060082 13.432572 53.071226 village
240060353 14.158872 52.693210 village
240060818 13.598901 51.701310 village
240060917 12.753497 52.624819 village
240060968 13.728239 51.379227 village
240061059 12.615182 52.054230 village
240061416 13.878431 51.870578 village
240061501 13.439205 52.778475 village
240061571 14.272107 52.043801 village
240061648 14.280625 53.203739 village
240061680 13.569718 51.697905 village
240061727 13.535844 52.264393 town
240061762 13.719437 51.686295 village
240061772 13.920807 52.528742 village
240061831 14.099912 53.296883 village
240061975 14.070010 51.953676 village
240062110 13.615734 52.570080 village
240062235 14.102052 52.948718 village
240062366 12.288347 52.266643 town
240062376 13.111355 52.696455 village
240062394 13.323649 52.188945 village
240062404 13.901063 51.886214 village
240062411 14.564600 52.601700 village
240062460 13.043306 52.637224 village
240062592 12.616700 52.587500 village
240062698 14.085376 52.210717 village
240062853 12.105467 53.117650 village
240062863 14.215253 52.453599 village
240062903 13.596091 52.364316 village
240063266 13.950000 53.363848 village
240063312 13.472138 51.667514 village
240063406 12.280000 53.233300 village
240063859 12.000000 53.116700 village
240064305 12.765214 52.814222 town
240064567 14.041568 52.403892 village
240064595 13.859264 51.640148 village
240064842 11.982205 52.861230 town
240064854 14.717794 52.020053 village
240065181 13.439262 51.740654 village
240065335 13.741700 53.080000 village
240065657 13.163035 52.304774 village
240065786 13.266700 52.750000 village
240066259 13.529915 53.050776 village
240066288 14.452878 52.609732 village
240066567 13.300633 53.048411 village
240066898 14.335676 51.505042 village
240066903 12.360162 53.144976 village
240066977 13.714490 52.053069 village
240067446 13.526161 52.993426 village
240067451 11.248632 53.103739 village
240067591 12.166700 53.033300 village
240067678 14.751800 52.068709 village
240067730 12.723126 52.842714 village
240067744 14.081478 52.999236 village
240067934 13.510323 51.672895 village
240068001 14.433000 52.066517 village
240068192 13.604600 53.269700 village
240068538 11.321143 53.077837 village
240068624 13.646896 51.803303 village
240068648 13.993700 52.674800 village
240068739 13.283300 52.966700 village
240068827 14.423485 52.043358 village
240068840 13.416985 52.833089 village
240068958 13.984916 51.757991 village
240069199 14.086696 51.713927 village
240069280 11.752379 52.997101 town
240069286 13.649344 51.720017 village
240069779 14.534508 51.979794 village
240069933 13.192512 52.722378 village
240070027 12.235554 53.139356 village
240070046 12.262953 52.433304 village
240070052 13.733300 52.500000 village
240070062 14.418108 52.246819 town
240070198 11.868815 52.919462 village
240070212 13.288658 53.012897 village
240070305 13.710268 52.913244 village
240070317 13.379817 52.756122 village
240070606 12.018765 53.062782 village
240070666 13.383300 53.150000 village
240070698 13.750000 51.850000 village
240070926 12.732181 53.090183 village
240070976 14.394710 52.158116 village
240071012 14.438768 52.673472 village
240071693 14.251299 52.425693 village
240071743 12.101576 53.213392 village
240072068 12.653047 52.607811 village
240072125 14.164630 53.143747 village
240072153 13.033300 53.216700 village
240072345 13.399998 51.783300 village
240072750 13.586700 53.255000 village
240072965 13.126840 52.318313 village
240072989 14.039753 52.971990 village
240072990 12.232256 52.479406 village
240073304 13.448317 52.396505 village
240073385 13.874073 52.729586 village
240073591 13.873422 52.214226 village
240073769 14.065269 52.315602 village
240073776 13.440745 53.172206 village
240073960 14.391435 53.208577 town
240074053 14.711378 52.066552 village
240074090 13.756156 52.449539 village
240074902 13.779100 51.596450 village
240074933 13.744633 53.507836 town
240074999 14.000768 53.068947 village
240075042 13.942999 52.521048 village
240075065 13.127719 52.617956 village
240075203 13.090024 52.639981 village
240075361 14.532925 52.236355 village
240075411 12.453688 52.114550 village
240075416 13.950000 53.316703 village
240075528 14.616667 51.583056 village
240075661 13.629571 52.151908 village
240075941 14.264502 52.619387 village
240076228 14.556400 52.552100 village
240076248 14.214544 52.261420 village
240076485 11.964254 52.918822 village
240076629 12.456144 53.032515 village
240076803 14.105375 52.327993 village
240076828 13.004954 53.041240 village
240076904 12.981352 52.654791 village
240077186 14.181943 52.791289 village
240077191 13.951597 51.836767 village
240077381 13.685462 52.664175 village
240077418 13.477238 53.000038 village
240078256 12.406854 53.187787 village
240078281 13.379805 52.251223 village
240078493 12.966700 52.933300 village
240078745 12.464015 52.887132 town
240078764 14.004782 52.835391 village
240078895 12.913610 53.185663 village
240078905 11.599492 53.072679 village
240078963 11.866700 53.233300 village
240079044 13.772082 51.415706 village
240079160 14.050613 52.185825 village
240079187 14.431547 52.089493 village
240079347 14.126711 53.399460 town
240079361 13.568578 51.851359 village
240079497 13.533028 52.903647 village
240079580 13.949161 52.025735 village
240079590 13.896416 51.941767 town
240079670 13.554815 51.497039 village
240079743 13.048545 53.035061 village
240079785 13.444169 52.880420 village
240079922 13.993799 52.091469 village
240080031 12.032270 52.956830 village
240080254 14.128128 51.953521 village
240080284 12.267813 52.378576 village
240080438 13.011566 52.657769 village
240080505 14.045661 52.807756 village
240080635 13.694658 52.595036 village
240080807 13.163661 52.328490 village
240080856 12.248713 52.959432 village
240080884 12.508212 53.019436 village
240081029 12.366502 52.789761 village
240081084 11.789273 53.000555 village
240081111 12.837491 53.049750 village
240081174 14.018969 52.106324 village
240081288 12.549736 52.416800 town
240081430 12.588928 53.138860 village
240081573 14.576702 51.908460 village
240081670 12.421972 52.000494 village
240081825 13.443542 53.103636 village
240081894 14.212525 53.056558 village
240081916 13.418655 52.186124 village
240082247 12.778962 52.404822 village
240082318 12.787705 52.757513 village
240082604 13.490926 51.740231 village
240082680 14.208011 52.431658 village
240082742 12.911090 53.055672 village
240082753 14.085532 53.060441 village
240082946 12.972200 52.338900 village
240083231 13.966700 53.258300 village
240083278 13.923658 51.568234 village
240083326 13.373983 52.165619 village
240083462 13.848978 51.853970 village
240083555 12.393560 52.686690 village
240083624 14.206963 52.240389 village
240083722 13.464736 51.463857 village
240083856 13.559271 52.211972 village
240084070 14.217564 52.783584 village
240084248 13.339637 52.158300 village
240084637 12.656651 52.691249 village
240084835 13.880082 52.286754 village
240085105 14.003504 51.955096 village
240085243 13.448437 52.653127 village
240085511 13.525510 52.648570 village
240085611 12.733300 53.006700 village
240085759 13.566700 51.466700 village
240085762 13.658500 52.521170 village
240086203 14.161417 52.152969 village
240086210 12.949613 53.187360 village
240086878 13.694512 51.425007 village
240087084 13.952988 53.141964 village
240087174 12.439813 53.172458 village
240087337 13.920726 52.162471 village
240087555 12.050000 53.116700 village
240087788 14.234325 51.850912 village
240087813 13.316900 51.727565 village
240087967 12.828757 53.099681 village
240088068 14.531817 52.189100 village
240088160 13.712583 51.659061 village
240088369 13.668482 52.515452 village
240088505 11.413826 53.040531 village
240088734 11.877055 52.879699 village
240088854 12.225182 52.234156 village
240089027 11.388000 53.048300 village
240089058 13.060483 52.540609 village
240089229 12.430278 53.125848 village
240089689 13.498272 51.429195 village
240089740 12.555075 52.654237 village
240090048 12.266700 53.150000 village
240090083 12.937889 52.685110 village
240090177 12.430259 52.233300 village
240090336 12.291700 52.950000 village
240090553 12.804542 52.839637 village
240090557 12.256120 52.525932 village
240090567 12.873490 52.096655 town
240090891 12.809893 52.753514 village
240090929 12.349799 53.247243 village
240091099 12.969598 52.237682 town
240091498 13.340166 52.655452 village
240091565 13.384882 52.192951 village
240091630 12.266700 53.183300 village
240091647 13.300328 51.595474 town
240091654 13.261523 52.661351 village
240091664 12.520013 52.139595 village
240091679 12.195973 52.208703 village
240091816 12.771426 52.445217 village
240091967 14.520800 51.608300 village
240092013 14.278000 52.725000 village
240092038 14.133300 52.716700 town
240092164 13.715532 52.725119 village
240092270 13.628038 52.242954 village
240092325 12.474603 53.069844 village
240092757 12.130505 53.036371 village
240093294 12.446860 52.301175 village
240093298 13.287012 52.186131 village
240093487 12.711797 52.674915 village
240093792 12.267208 53.339030 village
240093837 13.050000 52.450000 village
240093961 13.352538 51.686531 village
240094265 14.177228 52.017768 village
240094422 13.830304 52.349042 village
240094489 13.956424 52.454153 village
240094960 14.000712 52.052480 village
240094967 14.300893 52.195580 village
240094995 13.907625 52.284354 village
240095145 12.761736 52.198625 town
240095181 14.042019 52.429948 village
240095250 13.904569 52.226092 village
240095345 13.505050 52.049662 town
240095411 14.162147 52.185218 village
240095437 14.162146 52.129653 village
240095599 12.299996 52.534830 village
240095608 12.876798 53.153798 village
240095809 14.361763 52.643672 village
240095881 14.029574 51.748271 village
240095909 13.448896 52.215907 town
240096068 14.163518 52.764865 village
240096115 14.153105 53.206604 village
240096158 14.300000 52.633300 village
240096308 14.071915 52.968138 village
240096449 14.092205 52.150924 village
240096561 13.904199 52.095255 village
240096639 13.560603 52.825973 village
240096674 14.208305 52.761321 village
240096726 11.750000 53.150000 village
240097204 14.068559 52.541774 village
240097247 14.061656 52.359482 town
240097354 13.784527 52.471293 village
240097596 13.795769 52.639191 village
240097787 13.236956 51.692014 town
240097943 14.012898 52.629819 village
240098091 12.123300 53.320000 village
240098179 13.122756 53.006799 village
240098517 13.292443 52.802894 village
240098573 13.655149 52.225299 village
240098585 12.183293 52.983303 village
240098611 13.688929 52.526168 town
240098922 14.355177 52.085987 village
240099026 14.649144 52.060156 village
240099185 12.819836 52.529002 village
240099200 14.407100 52.495500 village
240099276 13.555550 52.362160 village
240099647 14.283408 52.384249 village
240099956 14.192566 51.977343 village
240100039 13.089547 53.187215 village
240100254 13.540812 52.916255 village
240100351 14.218992 53.177140 village
240100486 14.577894 52.183637 village
240100669 12.644847 52.718421 village
240100844 12.627800 52.877500 village
240100921 12.242627 53.314013 town
240101021 11.950000 52.950000 town
240101545 14.074473 52.115330 village
240101655 11.474862 53.090801 town
240101915 14.139758 52.557287 village
240102000 12.907183 52.431623 village
240102132 13.288804 53.103225 village
240102236 12.433300 53.216700 village
240102344 12.166700 52.916700 village
240102442 13.582763 52.203415 village
240102649 12.348317 53.177500 village
240102953 11.603236 52.992865 village
240102978 13.755010 51.817866 village
240103054 11.724197 53.110560 village
240103092 13.200000 51.833300 village
240103197 13.678985 52.621581 village
240103234 11.900000 53.216700 village
240103264 13.174013 52.749114 village
240103288 12.140787 52.955482 village
240103477 12.688945 52.074936 town
240103635 12.536970 52.664580 village
240103646 13.437758 52.681817 village
240103756 13.704452 52.778707 village
240104189 12.100000 53.150000 village
240104388 13.638481 52.663617 village
240104559 12.283300 53.033300 village
240104735 13.307160 51.712097 village
240104806 12.744666 52.870477 village
240104823 13.817757 52.878374 village
240104952 13.988457 52.975886 village
240105183 14.407505 52.700496 village
240105404 14.621669 52.066985 village
240105626 12.860447 53.042259 village
240105742 13.390670 51.805433 village
240106100 13.876008 52.158554 village
240106298 14.111552 52.980625 village
240106368 12.745236 52.317954 village
240106730 13.750565 53.171256 village
240106865 13.890200 52.091000 village
240106995 13.411436 52.347655 village
240107047 12.630541 52.841403 village
240107182 12.367480 52.521361 village
240107281 12.137406 52.921701 village
240107342 11.588907 53.153680 village
240107350 13.382163 52.945571 village
240107461 14.139915 52.617979 village
240107519 13.392023 53.114288 village
240107539 13.875563 53.094506 village
240107641 13.295199 51.862009 village
240108085 14.559765 52.055782 village
240108418 11.433400 53.055000 village
240108555 13.118494 52.509435 village
240108726 13.469983 51.697905 village
240108818 12.466700 52.800000 village
240108928 13.251007 53.100291 village
240109145 14.050359 51.728222 village
240109189 13.388860 52.517037 city
240109285 12.311456 52.519957 village
240109563 12.215655 52.676765 village
240109598 12.235033 53.060703 village
240109812 12.189883 52.741104 village
240109825 14.436700 52.477500 village
240109831 12.783300 52.483300 village
240109920 13.779901 51.657693 village
240109948 13.745328 52.977064 town
240110255 13.979607 52.548286 village
240110376 13.839164 52.682532 village
240110797 14.026941 52.330464 village
240110842 14.355600 52.571900 village
240110941 13.022930 52.941560 village
240110994 14.015588 53.119115 village
240111082 13.634874 52.321443 village
240111218 13.092103 53.070208 village
240111228 12.033460 53.166987 village
240111265 13.930519 52.253298 town
240111651 13.464750 52.274729 village
240111900 14.324594 52.583645 village
240111929 14.340000 52.577700 village
240112001 13.895866 51.409052 village
240112015 14.434333 52.511771 village
240112591 11.666700 53.133300 village
240112608 13.287677 53.063662 village
240112827 13.748952 52.314259 village
240112903 13.627581 51.732491 village
240112974 13.647728 51.820998 village
240113082 12.716700 52.633300 village
240113396 12.829828 52.615375 village
240113922 13.604222 51.678856 town
240113945 14.590694 52.104047 village
240114137 14.583095 52.501401 village
240114343 12.760561 52.760058 village
240114459 13.596998 51.737873 village
240114528 13.026412 52.274668 village
240114831 12.196682 52.783416 village
240115029 11.614432 53.146204 village
240115095 13.924174 51.424270 village
240115162 13.275763 52.825816 village
240115207 13.565402 51.574405 village
240115246 13.985558 52.290830 village
240115491 13.371926 51.636635 village
240115515 12.595142 53.274729 village
240115581 12.844397 52.476926 town
240115618 13.243170 51.585546 town
240115725 12.968769 52.406459 village
240115813 12.833681 52.778192 village
240115915 12.784763 52.154069 village
240115980 13.955465 51.726226 village
240116029 13.495742 51.598282 village
240116094 13.278537 52.796725 village
240116108 13.830044 52.975645 village
240116190 14.231691 52.289708 village
240116322 13.857700 52.735000 village
240116349 13.428490 51.869939 town
240116679 12.968977 52.900478 village
240116680 14.216964 53.451862 village
240116744 12.770984 52.104470 village
240116991 13.946493 53.050473 village
240117077 13.461100 52.913431 village
240117094 13.971053 51.799783 village
240117170 13.997692 51.401376 village
240117214 14.059444 52.238810 village
240117390 13.901475 51.847738 village
240117560 14.381009 52.113072 village
240117629 14.229709 52.569314 village
240117716 14.551500 52.568200 village
240117726 13.064429 52.284816 village
240117938 13.016308 52.933336 village
240117996 12.341061 52.750859 town
240118116 13.464470 51.720000 village
240118130 14.591024 52.230961 village
240118145 13.327093 51.955476 village
240118164 14.035425 52.786222 town
240118216 13.713834 51.852396 town
240118222 14.234992 52.381506 village
240118255 12.854444 52.985000 village
240118308 13.165914 52.126335 village
240118378 14.267312 52.402103 village
240118400 13.838415 52.267725 village
240118636 14.649300 52.090843 village
240118866 13.992293 53.038363 village
240118870 13.192487 53.260591 village
240118890 14.393053 52.331226 village
240119165 11.787104 52.939640 village
240119289 13.223660 52.406417 town
240119370 14.383300 53.250000 village
240119383 13.915834 51.671048 village
240119531 12.667623 52.938382 village
240119611 12.183300 52.966700 village
240120078 14.173636 52.229050 village
240120109 14.138900 52.778678 village
240120205 13.383294 52.783305 village
240120283 13.835595 52.147696 village
240120305 14.321757 52.500759 village
240120328 13.958084 52.536352 village
240120344 12.806575 52.796585 village
240120351 12.758345 52.839276 village
240120548 13.790613 52.292956 village
240120772 12.715434 52.473044 village
240120921 14.055231 52.292298 village
240121027 13.470068 51.763958 village
240121037 12.370556 52.170833 village
240121315 13.407574 52.156417 village
240121693 14.116700 52.066700 village
240121756 12.320883 52.322643 village
240121789 14.017410 51.917175 village
240122021 13.974415 51.985121 village
240122028 14.052355 52.838912 village
240122195 13.780599 53.456905 town
240122314 12.583264 53.218554 village
240122361 12.550004 53.066703 village
240122461 13.907384 52.483231 village
240122517 13.815398 52.529565 village
240122532 14.272474 52.521897 village
240122561 13.565135 51.400247 village
240122688 13.785175 51.713471 village
240122932 13.866575 53.316700 town
240123106 12.920446 52.499090 village
240123135 14.277150 52.345528 village
240123228 13.213183 53.153439 village
240123597 13.534665 51.652887 village
240123617 13.874987 52.192370 village
240123679 12.323100 53.011978 village
240124111 14.578304 52.256642 village
240124171 11.791007 53.026716 village
240124216 14.145652 52.064951 village
240124369 13.250000 51.766700 village
240124433 12.553369 52.479531 village
240124689 14.284086 53.058637 town
240124761 13.928484 51.548439 village
240124885 14.074992 51.425002 village
240124922 13.830453 53.535652 village
240125247 12.615018 52.566012 village
240125394 12.095143 53.062779 village
240125538 11.434400 53.056100 village
240125849 13.804358 52.245438 village
240126020 14.411135 52.017403 village
240126146 12.643869 52.418166 village
240127088 14.130900 51.621400 village
240127212 13.953520 52.362741 village
240127224 14.497704 52.111378 village
240127253 12.267028 52.344212 village
240127592 14.628496 52.002097 village
240127668 12.760537 52.531888 village
240127811 12.713584 52.574674 village
240128027 13.763881 52.110718 town
240128171 14.342044 52.470389 village
240128678 12.151528 53.081820 village
240129759 13.853053 51.587846 village
240129849 12.500000 52.716700 village
240130058 13.375178 52.102966 village
240130117 13.163619 53.239142 village
240130244 12.469947 52.281065 village
240130438 14.172057 52.038246 village
240130460 13.956053 52.805376 village
240130511 12.395491 52.989402 village
240600622 13.449823 51.815574 village
243882105 12.866832 51.947601 village
243986317 13.335980 51.491099 village
244471739 11.810592 53.164756 village
244472282 11.901773 53.117863 village
244472637 11.645839 53.080221 village
245556122 11.933619 53.151383 village
245560856 13.131060 52.240269 village
245560860 13.117768 52.272135 village
245560861 13.078612 52.245693 village
245560862 13.077479 52.270494 village
245694142 11.884451 53.152697 village
246224899 13.906756 51.603724 village
246588390 12.304282 52.832956 village
246588450 12.326164 52.791591 village
247317176 11.809503 53.193225 village
247327583 12.823911 52.197910 village
247339084 12.730073 52.171558 village
247344434 12.283556 53.168469 village
247348485 11.897649 53.087275 village
247348683 12.613616 52.016825 village
247349745 12.013331 53.038654 village
247353325 11.985465 52.892775 village
247353326 12.001708 52.914429 village
247415779 12.733930 52.167535 village
247415780 12.759077 52.179525 village
247415781 12.678006 52.174055 village
247439349 11.953756 53.103942 village
247547062 11.880980 53.207951 village
247547065 11.839701 53.245519 village
247547067 11.845702 53.224288 village
247547072 11.801542 53.203492 village
247547532 11.775937 53.203633 village
247547535 11.805715 53.171919 village
247548170 11.822425 53.122080 village
247548171 11.825627 53.103297 village
247548571 11.806269 53.081266 village
247548574 11.762324 53.076286 village
247549185 11.695744 53.099398 village
247549812 11.555150 53.069078 village
248139473 11.652341 53.186929 village
248337585 11.815435 52.960716 village
248338948 11.865315 52.939327 village
248338951 11.880148 52.910137 village
248342919 11.912579 52.899021 village
248408082 13.425446 51.500780 village
248419048 11.958536 53.170158 village
248537771 12.162651 53.011092 village
248611167 11.627602 53.060188 village
248611374 11.687042 53.035536 village
248611375 11.725628 53.038746 village
248620322 11.737795 53.027196 village
248751521 11.854852 53.060735 village
248760824 12.121206 53.233024 village
248764820 12.252604 53.286840 village
248764821 12.283264 53.281526 village
248946944 12.920739 51.975119 village
248947107 12.947168 51.985107 village
248950905 12.814592 52.024411 village
248950906 12.818969 52.010808 village
249231428 13.839146 53.218514 village
249268556 12.126819 53.263461 village
249359303 13.386039 51.587934 village
249374459 11.604293 53.209133 village
249568399 13.036502 51.927308 village
249568421 13.013686 51.969938 village
249568457 13.323179 52.048624 village
249568505 13.104173 52.022497 village
249568537 13.084681 52.030124 village
249568540 13.358709 51.989160 village
249568546 13.279382 52.048893 village
249568579 13.229185 52.056465 village
249568606 12.994647 52.012985 village
249718861 12.819404 52.115396 village
250097434 13.898619 52.107072 village
250535842 11.840246 52.992380 village
250582492 13.408570 51.574160 village
250666732 12.060302 52.947707 village
250784580 11.922261 52.960159 village
250802981 13.071515 51.892779 village
250802987 13.089430 51.949647 village
250824187 11.924647 53.033978 village
250824188 11.929722 53.076465 village
250824211 11.971675 53.073378 village
251333589 13.199109 52.341523 village
251333757 13.224170 52.339009 village
251424547 13.210837 51.582414 village
251427476 13.175184 51.585029 village
251595270 13.268374 51.474907 village
251595271 13.295601 51.467538 village
251601289 13.220040 51.463608 village
251614776 13.504957 51.493312 village
251872497 13.229472 51.448317 village
254079044 13.050076 53.146721 village
254323320 12.779873 52.001975 village
254343663 12.922198 52.012113 village
254343674 12.938372 52.007027 village
254447452 14.263273 52.340199 village
254506655 13.191189 53.037604 village
255079961 13.384529 53.034205 village
255280036 12.876299 52.469599 village
255390044 13.897022 51.652734 village
255573331 13.391024 52.649896 village
255715525 13.175456 52.935390 village
255716846 13.214095 52.943000 village
255716847 13.261881 52.931843 village
255858297 13.719614 52.028969 village
256229583 11.554695 53.124320 village
256241727 11.427424 53.106546 village
256592398 12.923121 52.134493 village
256592993 12.989072 52.138515 village
257393891 13.063276 52.166642 village
257395056 13.037728 52.191349 village
257430398 12.790836 52.013148 village
257538323 13.237876 52.175545 village
257577611 13.324303 52.079871 village
257577612 13.316432 52.074217 village
257577613 13.265733 52.090609 village
257878116 12.843488 52.146527 village
257878126 12.854471 52.166554 village
257878127 12.867585 52.190566 village
257900813 12.006551 52.995444 village
258314138 13.390335 51.420584 village
258314201 13.392910 51.446910 village
258314891 13.574908 51.366208 village
258623645 13.020111 52.094010 village
259006350 13.646491 52.015600 village
259042423 13.391801 52.047290 village
259414902 13.195596 53.246721 village
259697979 13.167727 52.127429 village
259701506 13.195049 52.148377 village
259701507 13.186648 52.163230 village
259701509 13.163401 52.188391 village
260286991 13.203966 52.114254 village
260388927 12.861371 52.862463 village
260402120 13.384536 51.549783 village
260627310 13.117416 52.139821 village
260627389 13.075647 52.127535 village
260627443 13.050440 52.150671 village
260629696 13.021297 52.116649 village
260629697 13.073785 52.099604 village
260629791 13.108867 52.107944 village
260643999 13.166123 52.059470 village
261618617 13.114509 53.032444 village
261624248 13.137084 53.061920 village
261627480 13.193886 52.979147 village
262313719 12.329123 52.281004 village
262313872 12.454347 52.298800 village
262337981 13.257558 53.032421 village
262434255 13.759618 52.528823 village
262504972 13.730013 52.392898 village
262544010 13.219332 51.407343 village
262544822 13.188955 51.443543 village
262544824 13.183719 51.459659 village
262654581 12.975379 52.180788 village
262683522 12.961688 52.198568 village
262982588 13.159039 53.034830 village
263250210 13.758203 51.362620 village
263255828 13.659648 51.364113 village
264377532 13.837546 52.240552 village
264392803 13.867523 52.244327 village
264905952 12.229931 53.178643 village
265841518 13.933729 52.394572 village
265979416 13.069985 52.935484 village
265979435 13.103756 52.932488 village
266006216 13.494803 52.666488 village
266406289 12.865554 52.039049 village
266644530 14.209555 51.851838 village
266695174 14.114322 51.948848 village
266695178 14.134819 51.960788 village
267016653 13.035943 52.981331 village
267016655 13.073916 52.979232 village
267016658 13.103297 52.972143 village
267036323 12.916096 51.951914 village
267205291 13.451019 51.441296 village
268031970 12.721643 52.406862 village
268184545 13.859033 51.721482 village
268186655 13.836208 51.721959 village
268186720 13.822433 51.715060 village
268400052 13.838020 52.561820 village
268405145 13.817541 52.538499 village
268473095 13.769682 52.523451 village
268804077 13.760125 52.507694 village
269540104 13.049312 53.102747 village
269557015 14.175701 53.164756 village
269872155 11.858537 52.962728 village
270071241 13.362709 51.831904 village
270072130 13.345199 51.832434 village
270072347 13.351808 51.823522 village
270074798 13.530245 51.818838 village
270304628 12.580188 52.041949 village
270304630 12.621501 52.052452 village
270304632 12.660354 52.054361 village
270309347 12.370709 52.110746 village
270309524 12.310099 52.138095 village
270321291 13.091766 53.089875 village
270488124 13.556579 51.930293 village
270761481 13.103302 53.112786 village
270763719 13.166330 53.076619 village
271890919 14.257275 52.257642 village
271891149 14.288958 52.266416 village
271892842 14.192401 52.210421 village
271955080 12.345285 53.231018 village
271955114 12.359193 53.243704 village
273190138 12.467305 53.189730 village
274002334 12.838071 52.932223 village
276608824 13.172636 52.855304 village
276608906 13.144673 52.839445 village
276807298 12.528622 52.156538 village
276846973 13.280907 52.213433 village
276880215 13.424217 51.479662 village
276939558 12.952082 52.077056 village
277720238 12.890445 51.955386 village
277969033 12.517706 52.131616 village
277969266 12.483165 52.205494 village
277969380 12.526732 52.192406 village
277984157 12.409597 52.171238 village
278679801 13.711111 51.386980 village
278919782 12.956947 52.543368 village
278919783 12.941791 52.515035 village
278919785 12.977242 52.517725 village
278962397 12.278771 52.661547 village
279189538 12.828093 52.289730 village
279506782 13.280750 52.270369 village
279537243 13.195664 52.260766 village
279719128 12.613596 52.658203 village
279720055 12.212565 52.697534 village
279849777 14.126270 51.495021 village
279849838 14.106572 51.485632 village
279850721 14.134253 51.557632 village
279850879 14.055202 51.547652 village
279851038 14.284879 51.524572 village
279851065 14.310979 51.531148 village
279851184 14.059555 51.494825 village
281227596 13.495968 52.130339 village
281584942 12.919979 51.921755 village
281678804 14.070728 53.278268 village
281678806 14.041271 53.298135 village
281678807 14.046919 53.243040 village
282202069 13.127734 52.010400 village
282739098 13.061444 53.151976 village
283310133 13.000956 52.221194 village
283311927 13.815502 51.586777 village
283334347 12.886925 52.145943 village
285956112 13.206152 51.714997 village
285959979 13.175137 51.696286 village
286861393 13.282601 51.748712 village
287503671 14.404501 52.194700 village
288136153 13.849164 52.632622 village
288137192 13.871507 52.607090 village
288440669 14.544664 52.081097 village
288467389 14.410292 51.984535 village
288684459 12.793927 52.573044 village
288686583 12.844958 52.597350 village
288782473 12.682094 52.507697 village
289185447 13.364663 52.964233 village
289569108 12.449914 52.492344 village
289703448 12.698172 52.154688 village
289722069 12.654567 52.149379 village
290131776 13.589059 53.020082 village
290667385 13.243991 52.119590 village
290681188 14.148606 52.939908 village
291222598 14.549452 52.341227 town
292922798 13.127964 51.596350 village
293344506 13.939409 53.268615 village
293344615 13.938841 53.245074 village
293344738 13.902488 53.266196 village
293345727 13.936220 53.217841 village
293520715 12.885885 53.115620 village
293990472 12.640799 52.672959 village
295039869 13.556975 53.007748 village
295143163 13.143082 51.615486 village
299214435 13.288599 52.408209 village
300088788 13.346214 53.267788 village
300088808 13.337317 53.290687 village
300116269 13.462243 53.282332 village
301795901 12.428442 52.857770 village
301795902 12.443869 52.843582 village
303042639 14.258858 52.651616 village
303809714 14.043736 52.742924 village
303811557 14.078370 52.768459 village
303921680 14.303624 52.619836 village
304394444 14.005481 53.266654 village
304394445 13.989082 53.238240 village
304394477 13.975302 53.260317 village
304837545 14.011917 53.293814 village
304838288 14.008830 53.255288 village
305332222 14.247106 52.172157 town
305597975 13.223555 51.655584 village
305598411 13.235177 51.636111 village
305599524 13.205476 51.619615 village
305599653 13.177374 51.661167 village
305599756 13.174023 51.676349 village
306623365 13.283515 51.500846 village
307618544 13.273228 51.685494 village
307816036 13.258930 52.371722 village
307825117 13.472143 53.340168 village
309148584 13.617300 52.646721 village
309843603 13.564613 52.875222 village
310323714 12.568506 52.614670 village
310514314 13.827931 51.967609 village
310514350 13.788925 51.950182 village
310789599 13.623094 51.942415 village
311636976 12.900545 52.209637 village
311637819 12.927378 52.185074 village
311641105 12.924426 52.160153 village
311745113 12.826830 52.364242 village
312468104 13.053786 52.216095 village
312554243 13.337104 51.455621 village
312764021 13.576126 51.476139 village
313017446 13.327030 52.386833 village
313023026 12.732045 53.156505 village
313051347 11.306556 53.066105 village
313340642 13.183339 51.495483 village
313502571 12.053282 52.860522 village
313523092 12.822334 53.173949 village
313533692 12.770933 53.067356 village
313622451 12.308060 52.630651 village
313673792 13.761525 52.780727 village
313720130 12.304205 52.560289 village
315092788 13.137373 52.040579 village
315095214 12.817964 53.168160 village
315105188 14.384584 51.530056 village
315944632 12.788045 52.540958 village
316091019 13.300115 51.678733 village
316091259 13.294664 51.669259 village
316093029 13.278786 51.659479 village
316330443 13.669712 53.481900 village
316449195 13.801802 52.760151 village
316611377 13.332353 51.547022 village
316624809 13.292360 51.550289 village
316824813 13.211603 52.250430 village
316826437 13.207749 52.200457 village
317528620 13.694533 51.985957 village
317591624 13.742754 53.546812 village
317593506 13.782821 53.554457 village
317611109 13.298050 51.715837 village
317744914 11.930908 53.244195 village
317750645 11.959304 53.263190 village
317750646 11.996791 53.265538 village
317756855 13.792015 53.523258 village
317756859 13.798096 53.535621 village
317760658 13.886496 53.558707 village
317764040 11.906099 53.261154 village
317764335 11.874232 53.252074 village
317773086 11.964759 53.203724 village
317773087 11.924893 53.188301 village
317773088 11.929608 53.219705 village
317784813 11.991104 53.286573 village
318180366 12.992666 53.206944 village
318314961 13.203793 51.471710 village
318453742 13.650995 52.676070 village
319301635 14.034508 53.021859 village
319593998 13.305631 51.984064 village
320958882 12.384798 52.057662 village
320958883 12.383609 52.068204 village
321329176 12.581558 51.991822 village
322479247 12.258301 52.892526 village
322480299 12.395672 52.820996 village
322480302 12.418707 52.823257 village
322480321 12.323587 52.901454 village
322480323 12.409083 52.882127 village
322505229 12.458378 52.864583 village
322559712 13.677787 53.136125 village
322640640 14.597426 51.767762 village
322640907 14.596052 51.783699 village
322683601 13.690798 53.215486 village
322683622 13.660822 53.223045 village
322683624 13.641001 53.244601 village
322685677 13.544672 53.309384 village
322688935 13.502297 53.337365 village
322688936 13.530053 53.331708 village
322690194 13.514361 53.259077 village
323244932 13.539193 53.375340 village
323244939 13.583664 53.392981 village
324017695 13.182063 51.518590 village
325136410 13.721707 53.375281 village
325136498 13.726133 53.296942 village
325644342 14.067845 51.463375 village
325774003 13.510241 53.213289 village
330163584 13.843452 52.516446 village
330185782 13.300368 51.518081 village
330487904 13.760532 53.468573 village
330488822 13.750032 53.457251 village
330499193 13.888788 53.445057 village
330507050 13.805868 53.493083 village
330516322 13.826665 53.493087 village
330555043 13.699671 53.512205 village
333282628 12.643702 52.081282 village
333707581 13.168800 52.961300 village
333774892 11.565457 53.097836 village
337814058 13.849862 53.413878 village
338944550 12.852060 53.214650 village
339424672 12.801068 52.362935 village
343592394 14.021474 51.633288 village
343701663 14.014474 51.658861 village
343704302 13.998001 51.653840 village
344464422 12.401704 53.142943 village
344465762 12.421273 53.180380 village
344792588 13.059635 52.021872 village
345150326 13.124128 52.600258 village
345523951 12.545073 52.578619 village
345536394 14.193037 53.406531 village
345536397 14.193491 53.413952 village
345536399 14.180026 53.378284 village
345536402 14.194501 53.356885 village
345713532 14.152391 53.424150 village
345713536 14.145412 53.413522 village
345713541 14.129400 53.411008 village
346289879 14.008427 53.396046 village
347127733 13.342018 52.000569 village
348156139 13.707730 52.241810 village
349000820 12.935319 53.219847 village
350401019 13.222557 52.872380 village
354594918 13.114069 53.129127 village
354656358 12.986050 52.287106 village
355225708 13.085768 53.056047 village
355536280 12.978451 52.491817 village
356831293 13.376729 53.133579 village
357916354 12.288884 52.834615 village
358064453 14.295934 52.407763 village
359587657 11.638526 53.170874 village
359590256 11.688819 53.166821 village
360824876 14.229664 51.812533 village
361126893 12.637569 52.373369 village
361127145 12.628840 52.351326 village
361177680 13.309401 52.926247 village
363726018 14.459721 51.589877 village
364049289 13.249608 51.570012 village
364424444 13.279000 53.087509 village
364429812 13.235427 53.060690 village
364429822 13.255054 53.082709 village
364432199 13.272765 53.116796 village
364432233 13.253309 53.116337 village
364455812 13.195447 53.216566 village
364681308 14.080936 51.648559 village
364682215 14.051361 51.669516 village
364683801 14.080543 51.683993 village
364684004 14.041197 51.692783 village
364685557 13.961783 51.583917 village
364904751 14.102145 51.742128 village
365096610 13.034355 52.802594 village
365142493 12.850587 52.337601 village
365305689 13.131691 52.920022 village
365464663 13.205716 51.736828 village
366653121 14.030385 52.706143 village
366653216 14.099736 52.686740 village
366921467 13.007185 52.750676 village
366922257 13.001139 52.845364 village
366939863 12.797679 53.053730 village
366942846 12.955128 53.045364 village
369485529 13.184162 52.923183 village
373087877 12.185726 52.687377 village
373091379 12.229653 52.656536 village
378393131 12.807797 52.074930 village
378396007 12.821952 52.074846 village
382208394 13.859565 51.934362 village
382399974 12.316033 52.368733 village
383971457 13.387382 53.306735 village
383971458 13.774301 53.173745 village
383971459 13.812181 53.161338 village
383971460 13.846497 53.158780 village
385334206 14.200326 53.269197 village
387079362 12.900533 52.052584 village
387430561 14.228721 52.510378 village
388812025 13.847208 53.260918 village
388812030 13.846206 53.282221 village
389458201 14.083561 51.770124 village
390302153 12.925185 53.141832 village
391308022 13.191608 53.266595 village
391963307 12.275364 53.123655 village
391963845 12.225642 53.122337 village
391964448 12.147301 53.132923 village
391965590 12.127639 53.167991 village
391966897 12.042964 53.087006 village
392410376 13.293111 51.614070 village
392410379 13.340199 51.605237 village
392410381 13.317913 51.629672 village
392432546 13.625997 51.433285 village
392451518 14.016956 51.731487 village
393403034 13.799993 53.362191 village
393808144 14.380949 52.735652 village
395285583 14.113862 51.733746 village
395285584 14.122066 51.717966 village
395285585 14.141052 51.713093 village
395285586 14.130196 51.686909 village
395285587 14.175562 51.693382 village
395285588 14.194543 51.698185 village
395285589 14.202712 51.679791 village
395285590 14.202944 51.661193 village
395285593 14.105979 51.620370 village
400875733 13.114257 51.896528 village
401249878 12.680152 52.026201 village
401249879 12.661878 52.019613 village
401249880 12.642816 52.005978 village
403783177 13.557493 51.949132 village
403793109 14.237612 53.044346 village
408164960 13.841081 53.227727 village
408165642 13.878572 53.218229 village
409001710 13.541022 51.984018 village
409740208 12.913766 52.557226 village
409764513 12.067926 53.375245 village
409764514 12.032391 53.376529 village
409782232 12.149637 53.372070 village
410079734 13.794886 52.158696 village
410485163 13.019017 52.814497 village
410735449 12.482908 52.139693 village
410735473 12.446233 52.131085 village
410735475 12.427745 52.122665 village
412141241 12.170198 53.264940 village
412172527 12.076436 53.188964 village
412213632 13.789944 52.294887 village
414006603 14.382350 51.609637 village
414216222 12.319906 53.341469 village
414988941 12.595505 52.784249 village
414994066 13.919273 51.703691 village
414994067 13.875639 51.701222 village
414994068 13.941345 51.598216 village
414994069 13.924427 51.592308 village
415941067 14.199418 51.781322 village
417285620 13.789773 52.584393 village
417285632 13.813977 52.601026 village
419003633 13.459176 51.475964 village
423838570 13.946195 52.533613 village
425135523 12.429934 53.026582 village
425316974 13.970069 52.566954 village
426969846 13.054946 53.082497 village
426969847 13.013007 53.078906 village
428516436 14.067603 52.712331 village
428584406 13.579227 53.329560 village
428586618 13.626924 53.334530 village
428586631 13.705560 53.330112 village
428586640 13.786933 53.322833 village
428586645 13.731580 53.331092 village
430197774 12.661317 52.443831 village
430948149 14.110934 53.033119 village
431021551 13.183407 53.079680 village
431477613 12.352749 52.974571 village
431486802 12.330429 52.947986 village
431486843 12.290346 52.947689 village
431508483 12.326115 52.933665 village
431524132 12.289194 52.901071 village
431593420 12.731901 52.442581 village
431730672 14.134249 51.813204 village
431778294 14.100403 51.819960 village
431816572 14.100595 51.811326 village
431874314 14.072707 51.807478 village
432317339 12.341036 52.917973 village
432673857 14.142990 51.792593 village
432874098 12.445955 53.026004 village
436505648 14.170255 52.540245 village
440144768 12.225492 52.762115 village
440144769 12.317760 52.756040 village
440735571 14.116005 52.921493 village
440817036 14.202650 51.746686 village
441852052 13.894973 52.956941 village
441854875 13.930134 52.935618 village
441857618 13.875838 52.885881 village
444284475 13.991563 51.863430 village
444533827 12.627285 52.435693 village
446766251 12.237562 53.089121 village
446767475 14.009002 51.939893 village
447968514 14.416979 51.884223 village
448004681 14.246424 51.964467 village
448281698 12.999295 53.015790 village
448867771 14.300451 51.985081 town
448894397 14.173333 52.086359 village
449339934 14.063917 52.039057 village
449511625 14.137909 52.090054 village
450093981 14.107725 52.532279 village
450862084 14.339855 51.983254 village
451723060 14.451170 51.941121 village
453105961 13.877305 53.008215 village
453480822 13.820531 53.024087 village
455495205 14.278510 53.011771 village
456381130 13.403149 53.160989 village
457106480 13.044486 53.194937 village
457506588 14.202367 52.096490 village
457506589 14.169977 52.083466 village
457952503 13.792444 53.062915 village
457952504 13.774420 53.087047 village
457952505 13.746610 53.075808 village
457960048 13.844539 53.183226 village
458894443 13.090827 51.917996 village
460013426 13.082772 53.199677 village
460483387 13.382123 53.269625 village
462219247 13.992094 52.569995 village
462719776 14.038572 51.818543 village
462733588 13.982486 51.828560 village
463190032 13.905277 51.816874 village
463195950 13.894258 51.822987 village
463199114 13.916089 51.852151 village
463254168 13.856375 51.867312 village
463256051 13.843918 51.881722 village
464746759 13.824340 51.848662 village
464751318 13.802107 51.834194 village
464758600 13.814031 51.860924 village
464771057 13.788754 51.883942 village
464793770 13.857914 51.907763 village
465209081 13.808151 51.906098 village
465267456 13.918686 51.868832 village
465268927 13.928684 51.862322 village
466406224 12.929314 52.535315 village
468434572 14.151889 51.755829 village
469100295 13.747695 51.762868 village
471541449 12.646044 53.013334 village
472689414 14.184542 52.567834 village
473226260 12.535849 53.169162 village
473226261 12.525318 53.175242 village
473237482 12.652772 53.206613 village
474778034 11.672019 53.026735 village
475560928 11.810348 53.230085 village
476653558 13.637989 52.891483 village
478489068 11.545049 53.158906 village
478499686 11.529070 53.177432 village
478535380 13.829845 52.579058 village
479235956 13.105083 52.348293 village
481098617 14.173356 52.993000 village
484489280 14.571887 51.601214 village
484689375 14.223470 53.012501 village
489571238 13.039861 52.444321 village
489580743 12.935308 52.485644 village
491311137 13.760330 51.490403 town
492097461 14.601689 51.638182 village
498735816 13.541708 53.405644 village
499375790 13.981437 53.312263 village
502604153 12.053699 52.874654 village
502604155 12.145533 52.523690 village
504463232 14.664054 52.180996 village
506686519 14.422002 51.810868 village
506801933 14.121329 52.757337 village
506804884 14.098998 52.751114 village
508561807 12.705610 52.128113 village
508561808 12.717179 52.140601 village
510126678 13.353135 51.758030 village
510128106 14.169761 53.030219 village
510129810 14.235870 53.026611 village
513425517 13.010924 52.271854 village
513425519 13.040918 52.269543 village
513712658 12.403679 52.494090 village
517734653 14.541570 51.875969 village
517734656 14.505572 51.835963 village
517758942 14.636726 51.956257 village
517758948 14.620442 51.878372 village
517768703 14.631649 51.868960 village
517873348 14.570615 51.969970 village
517873349 14.597297 51.978212 village
520182489 12.486424 53.124203 village
520182697 12.654711 52.988719 village
520182989 12.746390 52.929485 village
525552550 14.588728 52.540290 village
525858905 14.144291 52.851440 village
529938362 12.092733 53.173651 village
534067046 14.498703 51.573575 village
535228706 14.588921 52.002824 village
537761033 13.125971 52.801915 village
539505179 13.504662 53.306871 village
543363901 12.761671 52.031452 village
543363902 12.739183 52.025432 village
543363903 12.704985 52.047820 village
543363904 12.721673 52.008317 village
554791921 13.692938 52.165905 village
558054706 12.430017 53.299427 village
559504687 14.024974 51.684573 village
559504688 13.985842 51.675348 village
559504692 14.005769 51.691905 village
560069449 12.700973 52.513773 village
560116053 13.674965 53.091861 village
560116153 13.871431 53.129679 village
562660597 12.841190 52.082355 village
566544959 12.191382 53.094488 village
567175129 12.733406 53.058733 village
567392150 12.713094 53.155760 village
568025275 14.629441 52.144886 town
577287638 12.965212 51.972287 village
577287639 12.986901 51.978652 village
577287640 13.045802 51.964605 village
579722348 12.748325 52.110796 village
579722351 12.784891 52.113734 village
579722354 12.753818 52.089601 village
579722358 12.795016 52.129452 village
582070639 14.490351 52.138514 village
582088212 13.960081 53.293919 village
582088214 13.910533 53.315357 village
582088216 13.914100 53.323900 village
582164741 12.639689 52.998689 village
585201052 14.637724 52.013171 village
585201072 14.726181 52.036271 village
598670838 12.243574 52.677851 village
598670839 12.225441 52.726468 village
598670840 12.267477 52.715011 village
598670841 12.309940 52.703442 village
598681954 12.378380 52.672079 village
598681960 12.422774 52.690415 village
598681961 12.411732 52.719765 village
598684784 12.444998 52.686532 village
598689273 12.279748 52.733523 village
599322452 14.715357 51.950324 town
599413737 12.628888 52.494756 village
600169681 12.491268 52.739734 village
601565661 14.380430 51.571451 town
602786579 13.891602 51.674393 village
602831898 12.973701 53.024035 village
603048929 12.594432 52.388370 village
609280620 12.480358 52.533043 village
611631884 12.701709 52.921013 village
613635154 13.509581 53.177147 village
615930044 12.173724 52.546817 village
616351770 14.219572 52.470689 village
617031361 12.834560 52.888111 village
617034306 12.845134 52.876225 village
619323759 12.971918 52.991385 village
619336455 12.940400 53.060903 village
621472997 12.706595 52.720809 village
621883108 14.625993 52.056443 village
626628208 13.400590 52.163334 village
630424540 13.601319 53.091231 village
633686844 12.354958 52.450537 village
646739467 14.170603 51.583785 town
646739479 14.254500 51.636766 village
646739487 14.244854 51.749039 village
651890246 14.029438 52.066512 village
651948954 14.097887 52.067134 village
652672324 12.665742 52.545513 village
660712347 14.332321 52.004196 village
661465207 13.928050 53.285549 village
661465235 13.912774 53.297337 village
662522520 13.758068 53.134404 village
662743882 13.576981 53.112093 village
663071875 13.772686 53.116286 village
663071907 13.769796 53.127698 village
663076843 13.852047 53.129809 village
663081470 13.968447 53.364942 village
663379203 13.758293 53.140644 village
663657217 14.630303 51.974689 village
664594617 12.304742 52.167410 village
665107064 12.460911 52.166861 village
669884696 14.024027 53.320185 village
669884702 14.030494 53.337766 village
670647891 13.196034 52.365104 village
671370271 12.936896 52.970376 village
674706075 11.991908 53.150082 village
677324402 13.986098 53.183825 village
677324446 13.890818 53.167574 village
689145097 13.947058 53.345676 village
689145127 13.914067 53.347554 village
692603583 14.543520 52.637890 village
692604170 14.769120 51.632691 village
692604175 14.767775 51.620758 village
692619211 14.308200 53.028490 village
692620258 14.243925 52.995389 village
692620367 14.422534 53.322972 village
695229548 13.796920 52.834672 town
696674219 13.382653 51.781995 village
696763939 14.708187 51.617172 village
696789633 14.489626 51.832244 village
700010281 12.554232 52.102454 village
700764954 12.619498 52.072204 village
701181212 14.118117 52.216907 village
701181222 14.137569 52.258817 village
701611723 13.970059 51.728697 village
701618111 13.942517 51.718895 village
704094513 13.419356 53.298640 village
704094532 13.491398 53.353842 village
704094535 13.499585 53.380298 village
706370669 12.900886 52.992504 village
706370684 12.834783 53.006134 village
707397988 13.948657 52.733165 village
715641430 14.214086 53.240555 village
719613578 12.603814 52.852395 village
720761075 12.557075 53.195148 village
722543749 12.992527 52.540674 village
724167536 13.912273 53.389239 village
724167539 13.925663 53.419225 village
724168746 13.887514 53.358322 village
725300910 14.254451 51.782002 village
726858113 14.119390 52.590306 village
727882906 14.535955 51.727504 village
735627135 14.304583 52.703170 village
736659577 14.250978 51.696702 village
736938197 14.241516 51.641009 village
738188105 14.411070 51.605039 village
739802431 13.927161 51.838176 village
745733013 13.277130 52.713596 village
745867258 13.776807 52.550523 village
746695649 13.621484 52.479841 village
748245617 12.177205 53.315283 village
748245669 12.143226 53.317321 village
750807993 13.940082 52.997346 village
750808073 13.969784 53.003715 village
755964797 14.200792 53.086448 village
764576855 13.600300 52.046991 village
777400639 12.891739 52.495849 village
785996105 12.428894 53.045761 village
786009053 12.454499 53.044910 village
799217926 12.696696 52.246113 village
799217928 12.666248 52.257268 village
801099060 14.250541 52.363705 village
815325061 13.582978 53.350116 village
825577013 14.218306 51.628536 village
831019444 13.808477 53.336673 village
831020302 13.694163 53.272383 village
833928503 13.822837 53.149270 village
833953179 13.794826 53.128926 village
835880444 13.490166 53.314730 village
836147231 12.949022 53.127683 village
836617162 13.516779 53.361552 village
836760826 13.962057 51.688042 village
836760832 13.947676 51.687311 village
836776244 13.921128 51.745105 village
839230944 13.332510 52.815889 village
840157388 14.262597 51.769575 village
841460592 13.695223 52.029202 village
841460603 13.705706 52.041025 village
841473151 13.806184 52.076795 village
845045528 13.279903 53.286421 village
847974466 13.302562 53.283382 village
848858670 13.714543 53.170574 village
854031450 12.595723 52.676915 village
862069448 13.539315 53.357915 village
862069515 13.624263 53.385366 village
862069566 13.630235 53.349918 village
862069613 13.634825 53.367112 village
862069665 13.705266 53.356011 village
862069699 13.666059 53.391115 village
862069753 13.697266 53.399037 village
862098813 13.554570 53.373605 village
865182989 13.485946 51.904842 village
869381941 13.884606 51.968918 village
872392392 12.517835 52.638467 village
874414930 13.598071 53.230432 village
880664372 13.487210 52.076445 village
884680510 14.083873 52.698256 village
884680620 14.046312 52.683462 village
890555719 13.424379 53.093076 village
891508871 12.937574 53.143675 village
892301682 12.497286 52.497337 village
893524908 12.006503 53.316098 village
907462046 13.587762 52.120462 village
918523550 12.465369 52.067237 village
921677572 13.904171 52.840182 village
936750551 14.054778 53.054518 village
936899533 13.679228 53.117243 village
938596278 14.091546 52.161942 village
944536866 14.058849 52.892144 village
958066497 13.866389 51.572050 village
958066600 13.849121 51.580628 village
959325667 13.858369 51.567379 village
960526400 14.260757 51.622567 village
964844538 14.076885 53.421008 village
972977796 14.682588 51.719943 village
978842131 14.075257 52.933847 village
981814469 14.596630 51.733027 village
983965477 13.293008 52.242033 village
985885852 14.159852 52.995336 village
985885895 14.149297 52.994718 village
993549924 13.861260 51.608753 village
994901023 14.721755 52.004095 village
1003103320 13.753610 52.601763 village
1010607321 13.961094 52.753257 village
1020052989 14.209980 52.626201 village
1020571858 13.001991 52.881188 village
1027004170 13.019633 52.959724 village
1027218306 14.104512 52.476577 village
1033548195 14.257073 53.137514 village
1036349220 13.871733 53.454461 village
1036349318 13.779149 53.418740 village
1036349680 13.849629 53.442431 village
1036349696 13.762214 53.410287 village
1036414867 13.829103 53.474250 village
1036415043 13.804611 53.450047 village
1036415066 13.768029 53.444190 village
1037591944 12.396965 52.107851 village
1038245146 13.802663 53.242451 village
1039814087 12.080875 53.068702 village
1039814628 12.100799 53.078145 village
1044036037 13.689567 53.422826 village
1044036116 13.701423 53.430898 village
1044036352 13.709003 53.434903 village
1044170592 13.245295 52.192850 village
1044656049 13.694262 53.372504 village
1044656131 13.653312 53.403104 village
1049065026 13.760163 53.480051 village
1058981535 13.237313 52.980937 village
1059463310 12.128313 52.515988 village
1059731852 12.710007 52.533940 village
1064694905 14.202749 53.149759 village
1069736117 12.309722 52.245530 village
1071565582 12.764655 52.544952 village
1078728569 13.624477 51.466831 village
1079193002 14.279216 53.310977 village
1083110924 13.670033 51.709532 village
1083110997 13.694896 51.706165 village
1083111050 13.721826 51.706147 village
1083332604 14.401735 51.606090 village
1085984171 14.186809 51.753883 village
1086123995 14.410642 51.858622 town
1086236056 14.556720 51.680633 village
1088645845 13.661074 53.282100 village
1091554527 13.882097 53.491511 village
1093552294 14.063463 53.440048 village
1093552520 14.018161 53.443278 village
1096494942 14.373456 52.107063 village
1096836764 13.738512 53.116561 village
1097016373 13.729812 53.137132 village
1097023432 13.666507 53.157527 village
1097023443 13.703128 53.193135 village
1097030711 13.843377 51.609855 village
1099387072 14.085451 53.341102 village
1099387153 14.119847 53.322452 village
1102479464 14.416677 51.743575 village
1106060647 13.104629 52.166728 village
1107993950 12.358040 52.264491 village
1107993979 12.398476 52.254436 village
1107996925 12.278912 52.167460 village
1108097326 12.468793 52.185944 village
1110782310 12.382348 52.278410 village
1110862632 12.406068 52.301224 village
1110862852 12.345273 52.361003 village
1112865268 14.121110 53.338242 village
1112865743 14.094120 53.386019 village
1112865812 14.080119 53.382950 village
1113232148 14.534862 51.675896 village
1119092144 13.719073 53.139969 village
1123642459 12.547050 52.336889 village
1126082973 12.342366 52.420836 village
1126480451 13.000591 52.287312 village
1128726866 11.514874 53.200380 village
1128726902 11.526498 53.201844 village
1132280992 14.092451 51.580947 village
1132281765 14.111383 51.578600 village
1139094268 14.385282 52.131774 village
1139403274 12.201644 52.486474 village
1142739270 13.536980 51.691790 village
1143381815 12.516908 53.133194 village
1144471650 14.157188 52.287040 village
1154404250 14.653787 51.964946 village
1156740964 12.322070 52.430104 village
1205553313 14.159136 53.345489 village
1231896443 12.764241 52.969276 village
1231902043 12.762065 52.959614 village
1246364124 13.172034 53.050687 village
1246388700 13.227488 53.054810 village
1252292135 12.574625 52.947253 village
1255878512 13.477486 53.053187 village
1256687062 12.707475 53.011364 village
1258957003 13.727931 51.991752 village
1259353058 13.679156 53.312068 village
1279870364 11.446129 53.102526 village
1281154652 13.272163 52.888672 village
1283506008 12.799942 52.670565 village
1283570199 12.580859 52.803320 village
1289288007 13.657245 51.789895 village
1299135273 14.162782 52.747029 village
1299686578 14.235984 51.656931 village
1314186928 12.750856 52.719996 village
1318859461 14.238366 52.596597 village
1327914605 14.441101 51.674498 village
1331069874 13.916163 53.072391 village
1331427651 12.763924 52.479353 village
1331522655 12.822142 52.485794 village
1332624881 12.158963 53.223750 village
1332625215 12.198572 53.192312 village
1332645458 12.120379 53.197511 village
1347811636 11.891378 53.151019 village
1348210803 12.763830 52.573282 village
1351485504 11.438757 53.121744 village
1353898665 13.271871 52.108935 village
1357914216 13.718470 51.690494 village
1357914221 13.683052 51.663750 village
1359361951 13.737281 51.665777 village
1359869625 11.234134 53.108331 village
1371957585 11.966727 52.901130 village
1375992619 12.765135 52.915635 village
1376087956 14.218742 51.799353 village
1377400236 14.097117 52.739831 village
1380785759 13.862440 51.666779 village
1385782176 13.926535 52.091526 village
1390576456 13.757811 53.096907 village
1391465527 13.727996 53.258100 village
1398112650 14.181916 52.073981 village
1398455456 14.709982 51.928148 village
1398458116 14.664498 51.884816 village
1398458212 14.707863 51.909655 village
1398877978 12.822606 52.707805 village
1400497756 13.228913 53.177534 village
1401268469 13.479495 53.024335 village
1402087942 13.715346 53.056885 village
1402094350 13.706785 53.028192 village
1402765714 13.762426 53.025103 village
1404061372 13.379331 52.983380 village
1413093228 12.514819 52.703784 village
1414149400 11.274685 53.111861 village
1417936127 12.360861 53.329925 village
1424068238 13.020003 52.243586 village
1432194820 13.201961 52.219253 village
1440262730 12.101092 52.942857 village
1440262781 12.161550 52.940789 village
1444670589 14.017447 52.487250 village
1444867510 12.680877 52.873840 village
1445480392 13.932031 53.460721 village
1445493706 13.902640 53.476591 village
1457170551 14.148127 51.831724 village
1460318935 12.623322 52.834191 village
1461004498 13.968421 51.691220 village
1475212925 13.901459 51.734386 village
1475218909 13.910707 51.732287 village
1481362749 13.925830 52.769982 village
1486253567 14.764411 51.654908 village
1487269747 14.047300 51.800344 village
1489976913 13.983828 51.840362 village
1492904330 13.968901 51.869060 town
1497897466 11.356836 53.048299 village
1511919449 14.484603 51.725497 village
1525483710 12.628248 52.496923 village
1530865052 14.576066 51.724050 village
1555916063 14.029341 51.387255 village
1574273779 14.745453 51.672587 village
1576301031 14.472674 51.685372 village
1579301236 13.670253 51.604838 village
1581641832 14.550110 51.667492 village
1585234847 13.406190 51.493547 village
1590049489 12.781776 52.836759 village
1591676878 14.544720 51.745505 village
1596966763 14.413432 51.616825 village
1598390370 14.518143 51.633804 village
1602216744 13.401829 52.670755 village
1602913560 12.906853 53.200391 village
1603383466 13.976835 53.164935 village
1605614277 14.060619 53.153878 village
1605614280 14.036071 53.154239 village
1605614290 14.032568 53.171307 village
1607885290 14.025634 53.272142 village
1609246521 13.269231 52.805192 village
1609246524 13.262204 52.790526 village
1610151563 13.398084 52.671976 village
1614950020 14.357754 51.678421 village
1614997513 14.344829 51.667572 village
1614997748 14.371573 51.671940 village
1615005610 14.328471 51.651403 village
1617064284 14.284161 51.666011 village
1617064406 14.271909 51.686469 village
1628927045 14.335731 51.756745 city
1629914123 13.880822 51.786839 village
1629936024 13.808388 51.898340 village
1630380167 14.636031 51.636403 village
1630418221 14.657460 51.647561 village
1636748073 14.376027 51.548859 village
1636984847 13.983390 51.942638 village
1638917985 14.172294 51.879756 village
1638986374 14.403655 51.824113 village
1639391947 14.476184 51.811688 village
1639663622 14.627851 51.692453 village
1639663627 14.615559 51.688417 village
1639664247 14.603565 51.691281 village
1641151490 14.689544 51.657024 village
1642222858 14.290579 51.825861 village
1642285880 14.186566 51.813468 village
1642599430 14.273352 51.726617 village
1643636657 14.232510 51.671226 village
1643698841 14.280167 51.700151 village
1643710141 14.413698 51.680470 village
1644659985 13.983684 51.386731 village
1645561996 14.347301 51.548991 village
1649631958 13.949307 51.746667 town
1649632030 14.214996 51.766543 village
1649632034 14.130984 51.762412 village
1649632035 14.248041 51.852357 village
1649632068 14.645540 51.743859 town
1649632091 14.716188 51.692550 village
1649632105 14.515862 51.743359 village
1649632113 14.195036 51.772333 village
1649632142 14.167352 51.779689 village
1649632150 14.617393 51.786044 village
1649632158 14.645962 51.777884 village
1649632161 14.500582 51.702114 village
1649632162 14.121930 51.912161 village
1649632187 14.257352 51.828722 village
1649632193 14.455320 51.896309 village
1649654486 14.192058 51.635287 village
1649654504 14.220498 51.657735 town
1649654540 14.139424 51.647004 village
1649654545 14.093077 51.605812 village
1649654568 14.127439 51.605446 village
1649654576 14.165642 51.609848 village
1649654607 14.226137 51.644241 village
1649654615 14.175733 51.649875 village
1649654646 14.282797 51.638197 village
1649654655 14.130119 51.629525 village
1649691470 14.749996 51.638837 village
1649691473 14.476190 51.591820 village
1649691478 14.540303 51.623917 village
1649691481 14.401358 51.662237 village
1649691482 14.062659 51.587395 village
1649691483 14.446880 51.598322 village
1649691497 14.506468 51.607791 village
1649691505 13.707168 51.671782 village
1649691511 13.647226 51.865009 village
1649691518 13.682771 51.677314 village
1649691535 13.591848 51.872119 village
1649691612 13.612482 51.853236 village
1649691618 14.492782 51.613110 village
1649691623 13.692594 51.840850 village
1649691625 14.049203 51.612476 village
1649691627 13.601854 51.816760 village
1649691629 14.761675 51.618746 village
1649691646 13.664693 51.852886 village
1649703745 13.606024 51.971647 town
1649703768 14.464554 52.028788 village
1665079788 14.609430 51.665978 village
1666506215 14.012314 51.588327 town
1667456112 14.599733 51.801510 village
1673858498 13.766900 53.247114 village
1673863884 13.671168 52.489982 village
1676296973 13.893565 51.561232 village
1676296974 14.627126 51.934352 village
1676296975 14.244591 51.815333 village
1676296976 14.187105 51.908830 village
1676296992 14.567088 51.938587 village
1676297005 14.322039 51.890302 village
1676297019 14.513279 51.897157 village
1676297030 14.597217 51.614726 town
1676297075 13.654078 51.812178 village
1676297085 14.473981 51.572529 village
1676297099 14.591868 51.849215 village
1676297112 14.509342 51.792674 village
1676297125 14.508341 51.821120 village
1676297137 14.352892 51.991423 village
1676297149 14.560924 51.695481 village
1676297176 13.778994 51.595825 village
1676297188 14.527022 51.567357 village
1676297195 13.807841 51.617219 village
1676297206 13.927309 51.645061 village
1676297223 13.929056 51.630731 village
1676297247 14.091054 51.927748 village
1676297263 14.190068 51.551586 village
1676297283 14.525501 51.590035 village
1676297304 13.553631 51.750056 village
1676297307 14.004654 51.519174 town
1676297340 14.384062 51.872919 village
1676297345 14.074796 51.782699 town
1676563638 13.754281 52.425980 town
1676564065 13.477114 52.163044 village
1676566353 12.988822 52.346447 village
1676566406 12.944133 52.345145 village
1676570189 12.931487 52.309918 village
1678737404 14.342673 52.471134 village
1682561522 12.381851 52.748725 village
1683877242 11.810053 53.262381 village
1683877252 11.766479 53.243899 village
1683877274 11.541057 53.191141 village
1683877340 11.674828 53.263296 village
1683887552 11.865428 53.287275 village
1683887579 11.864654 53.259855 village
1683887582 11.842354 53.253275 village
1683928232 11.972748 53.310414 village
1686060696 13.649721 53.438896 village
1686062921 12.646177 53.276655 village
1686062922 13.153763 53.257869 village
1686062926 12.440771 53.278471 village
1686071430 13.875695 53.187044 village
1688696939 13.218229 51.840670 village
1688696957 13.210175 51.860991 village
1690058710 12.803970 52.416873 village
1690061662 12.806978 52.656451 village
1690070008 12.662541 52.489469 village
1690070674 12.715143 52.511800 village
1690071590 12.640024 52.482890 village
1690073843 12.895103 51.994501 village
1690074296 13.208762 51.933591 village
1690077533 14.140469 52.503748 town
1690078361 14.076153 52.567217 town
1690079053 13.929344 52.833501 village
1691028472 13.066121 52.315248 village
1692104815 12.671063 52.463244 village
1692105338 12.589643 52.464582 village
1692105970 12.368303 52.777394 village
1692107914 14.533819 52.427103 town
1692109981 14.380704 52.531824 town
1692113132 14.403431 52.677774 village
1693711671 12.941569 52.434663 village
1693730465 12.565320 52.320325 village
1695218178 13.062221 52.400982 city
1696230148 13.875438 53.531694 village
1697755697 12.745888 52.362788 village
1697759371 12.798603 52.621835 village
1697760890 12.819072 52.663185 village
1697768508 12.788173 52.713916 village
1704938822 14.129871 53.089457 village
1718436050 14.688097 51.889295 village
1719796332 14.659622 51.775350 village
1719796347 14.644333 51.860769 village
1719796356 14.617029 51.843926 village
1736770629 14.622019 51.775198 village
1755210203 13.838376 53.553826 village
1759821571 14.426546 51.696811 village
1768035970 12.624490 52.941412 village
1768236649 12.657033 53.227006 village
1770220000 14.006018 51.754947 village
1774491960 13.720318 53.521630 village
1800701810 14.652447 51.885933 village
1800701811 14.640727 51.910171 village
1819017157 14.415580 52.142913 village
1819017158 14.343624 52.197447 village
1819148358 14.560337 52.095407 village
1832818499 14.291333 52.020147 village
1832818869 14.327450 52.038850 village
1835610111 13.849106 51.792940 village
1836848636 14.671663 52.026423 village
1838686402 14.536822 52.144683 village
1840020721 14.114459 52.142459 village
1846066052 12.472601 52.579098 village
1846066053 12.506450 52.603793 village
1847321107 14.616074 51.564821 village
1848892064 14.664936 51.566747 village
1853929243 11.679436 53.184411 village
1854277756 14.335208 53.107275 village
1861339345 14.161507 51.624018 village
1869561306 13.318624 51.778005 village
1877997021 13.460274 53.093925 village
1878630896 11.686485 53.125697 village
1881541747 13.832332 51.960596 village
1882302601 14.587916 52.588465 village
1932680604 14.496334 52.492066 village
1933108261 14.668347 51.733750 village
1941575044 12.395024 53.249123 village
1941582528 12.430987 53.208842 village
1972301337 14.279717 53.134541 village
1972306182 14.293701 53.111867 village
1982173094 12.813976 52.865613 village
2013521236 13.497395 53.050017 village
2022790668 13.577856 51.787980 village
2037268273 13.862732 53.483523 village
2058850622 13.394050 52.372424 village
2067216257 13.704733 51.849041 village
2084582834 14.507378 51.687104 village
2084912531 14.461983 51.704006 village
