21484051 13.624439 52.299451 town
26433240 14.561437 52.350949 town
27217772 13.392621 51.515882 town
28189571 12.338418 52.531049 town
29018503 13.264453 52.401646 town
29121885 12.333300 52.600000 town
29860070 13.734076 52.633480 town
30084060 13.394358 52.872648 town
30086462 12.809573 52.924314 town
30087344 12.578264 52.739526 town
30089720 12.396690 52.943065 town
30109925 11.862793 53.076272 town
30111114 11.745139 53.160446 town
30294347 14.004608 53.018601 town
30741176 13.177587 52.688219 town
31802728 14.726550 51.951405 town
32675771 13.245759 52.752938 town
33148370 13.096104 52.565178 town
33555787 13.194735 52.646230 town
34042066 12.586851 52.140636 town
36424378 13.158226 52.089076 town
36425274 12.040790 53.250497 town
36557141 11.260928 53.138488 town
40143760 12.173459 53.151031 town
50044918 13.261016 52.301610 town
50333866 13.724554 52.561487 town
52611311 13.029482 52.760494 town
59644790 13.499336 53.119800 town
60122712 13.214028 52.215036 town
64684784 13.706027 51.632641 town
64714658 13.565784 51.622362 town
89053121 12.891012 53.098318 town
91067933 13.609842 52.135986 town
100363583 13.082070 51.996976 town
108051241 13.519654 51.462062 town
112268900 13.316480 53.208328 town
112272722 13.158869 53.007278 town
117109525 13.865625 51.459065 town
117110648 13.847287 51.479676 town
123732230 13.226902 51.813763 town
125515411 13.647185 51.694207 town
129945153 13.757697 51.376128 town
176635890 13.882119 52.580808 town
220547241 13.334896 52.979484 town
220606989 12.986493 52.974545 town
240023892 12.440522 52.855052 town
240024686 13.114711 52.703373 town
240027154 13.384192 51.720740 town
240030267 11.565743 53.036983 town
240031428 12.932913 52.371581 town
240032331 12.877260 52.606107 town
240040250 12.487203 53.162223 town
240042447 14.043612 52.864441 town
240043168 13.280920 52.673340 town
240044313 12.083300 52.916700 town
240045545 13.144566 53.186079 town
240046187 13.695875 52.478204 town
240047347 14.095037 51.455041 town
240048743 13.586006 52.679589 town
240052861 13.629806 52.766513 town
240057011 14.264118 52.105448 town
240058949 13.217247 51.434427 town
240059149 13.207712 52.386968 town
240061727 13.535844 52.264393 town
240062366 12.288347 52.266643 town
240064305 12.765214 52.814222 town
240064842 11.982205 52.861230 town
240069280 11.752379 52.997101 town
240070062 14.418108 52.246819 town
240073960 14.391435 53.208577 town
240074933 13.744633 53.507836 town
240078745 12.464015 52.887132 town
240079347 14.126711 53.399460 town
240079590 13.896416 51.941767 town
240081288 12.549736 52.416800 town
240090567 12.873490 52.096655 town
240091099 12.969598 52.237682 town
240091647 13.300328 51.595474 town
240092038 14.133300 52.716700 town
240095145 12.761736 52.198625 town
240095345 13.505050 52.049662 town
240095909 13.448896 52.215907 town
240097247 14.061656 52.359482 town
240097787 13.236956 51.692014 town
240098611 13.688929 52.526168 town
240100921 12.242627 53.314013 town
240101021 11.950000 52.950000 town
240101655 11.474862 53.090801 town
240103477 12.688945 52.074936 town
240109189 13.388860 52.517037 city
240109948 13.745328 52.977064 town
240111265 13.930519 52.253298 town
240113922 13.604222 51.678856 town
240115581 12.844397 52.476926 town
240115618 13.243170 51.585546 town
240116349 13.428490 51.869939 town
240117996 12.341061 52.750859 town
240118164 14.035425 52.786222 town
240118216 13.713834 51.852396 town
240119289 13.223660 52.406417 town
240122195 13.780599 53.456905 town
240122932 13.866575 53.316700 town
240124689 14.284086 53.058637 town
240128027 13.763881 52.110718 town
291222598 14.549452 52.341227 town
305332222 14.247106 52.172157 town
448867771 14.300451 51.985081 town
491311137 13.760330 51.490403 town
568025275 14.629441 52.144886 town
599322452 14.715357 51.950324 town
601565661 14.380430 51.571451 town
646739467 14.170603 51.583785 town
695229548 13.796920 52.834672 town
1086123995 14.410642 51.858622 town
1492904330 13.968901 51.869060 town
1628927045 14.335731 51.756745 city
1649631958 13.949307 51.746667 town
1649632068 14.645540 51.743859 town
1649654504 14.220498 51.657735 town
1649703745 13.606024 51.971647 town
1666506215 14.012314 51.588327 town
1676297030 14.597217 51.614726 town
1676297307 14.004654 51.519174 town
1676297345 14.074796 51.782699 town
1676563638 13.754281 52.425980 town
1690077533 14.140469 52.503748 town
1690078361 14.076153 52.567217 town
1692107914 14.533819 52.427103 town
1692109981 14.380704 52.531824 town
1695218178 13.062221 52.400982 city
